content
"05/04/2019
loan-notice-letter-00
Usuário - Aviso de Vencimento

Daniel Bolsonaro Vaz Filho
03729--010
danielfilho@usp.br;ddeniel1@yahoo.com.br
ID do usuário: 10346867

Prezado Usuário, ##Abaixo está a lista de empréstimos de materiais em seu poder. Por favor, observe a data de devolução.



------------------------------------------------------------------------------


Russell, Stuart J. (Stuart Jonathan) : Inteligência artificialtradução da segunda ediçãoStuart Russell, Peter Norvig ; revisão técnica [de] Raul Sidnei Wazlawick ; tradução [de] Vandenberg D. de Souza.[001453046]
Código de barras: 23000012396
Data de devolução: 12/04/2019
Numero de Renovações: 0
Atenciosamente,
Serviço/Seção de Atendimento ao Usuário
Biblioteca
http://dedalus.usp.br/F/?func=login-page"
" 

Prezados (as),




O ECAR - Escritório de Desenvolvimento de Carreiras USP, órgão ligado à 
Pró-reitoria de Graduação e coordenado pela Profa. Dra. Tania Casado, 
realizará no dia 10.04.2019 às 11h30 a Palestra: ”Desafios reais e 
emocionais na perspectiva da psicologia analítica”, com a presença do Palestrante 
Rafael Rodrigues de Souza

Horário - 11h30 - 13h00

Local Auditório FEA - 5

Endereço Av. Prof. Luciano Gualberto, 908 – Cidade Universitária - Butantã



Conteúdo: *Vincent van Gogh* foi um dos maiores pintores do século 19, mas 
o reconhecimento de seu talento foi póstumo, especialmente pelo empenho de 
sua cunhada, esposa de seu irmão *Theo van Gogh.* Mas o que será que 
precisamos fazer para que, na perspectiva de carreira, consigamos atingir 
nossos objetivos? Essa palestra não intenciona responder essas questões em 
defin itivo, mas abre um espaço reflexivo e prático, abordando os seguintes 
aspectos:

- O ideal de sucesso - mas o que é sucesso?

- Desafios inevitáveis da carreira e como lidar com eles

- Autoconhecimento real versus autoconhecimento ""de prateleira""

- Contribuições da Psicologia Analítica para o desenvolvimento de carreira 



Palestrante: Rafael Rodrigues de Souza

Psicólogo clínico e Analista Junguiano em formação pelo Instituto Junguiano 
de Ensino e Pesquisa (IJEP). Pós-graduado em Psicologia Analítica (FACIS / 
IJEP) e Administração de Empresas (FGV-SP). Mais de 15 anos de experiência 
na área de Recursos Humanos em empresas como General Motors e PepsiCo e 
atualmente dedica-se integralmente à Solução Ativa, um projeto dedicado à 
promoção e cuidado com a saúde emocional das pessoas. É coautor do livro “ 
Pessoal e profissional: a distinção que a vida não faz.” (2017, Editora 
Livronovo).

Idealizador da Solução Ativa, um espaço de cuidado com a saúde emocional, e 
coautor do livro “Pessoal e Profissional, a distinção o que a vida não faz”.



Atenção: É necessária a inscrição no evento 

este evento é gratuito e aberto à comunidade USP: 
https://forms.gle/bk8Larty8TvjEmdK7

Em caso de dúvida, ligue para o Escritório de Desenvolvimento de Carreiras 
da USP. Telefone: (11) 2648-0993, ou envie e-mail para carreiras@usp.br

Link do cartaz: http://www.prg.usp.br/wp-content/uploads/palestra-10.04.pdf



Esperamos por você!

Atenciosamente,
Prof.ª Dr.ª Tania Casado

Diretora

ECAR – Escritório de Desenvolvimento de Carreiras

Pró-Reitoria de Graduação - USP




---------------------------------------------------------------------------------------------------------------
Mensagem enviada por: Pró-Reitoria de Graduação. Segue em conformidade 
com a resolução 03 da CTI, que dispõe sobre a difusão de e-mails 
para a comunidade USP.
---------------------------------------------------------------------------------------------------------------
"
" 



Olá!

Agradecemos seu interesse em fazer parte da nossa equipe! 



Analisaremos o seu currículo e caso atenda os pré-requisitos do Programa de 
Estágio, entraremos em contato.



Obrigada e boa sorte!

Atração e Seleção

Itaú Unibanco


------------------------------

Por favor, não responda a esta mensagem. Este é um e-mail automático 
enviado pela empresa Programa Estágio Corporativo, que usa a solução da 
VAGAS para conduzir seus processos seletivos.
No caso de dúvidas, acesse o conteúdo de Ajuda aos Candidatos 
. "
" 
[image: VAGAS] 

Vagas recomendadas 
Olá Daniel Bolsonaro Vaz Filho, selecionamos algumas oportunidades que 
podem lhe interessar 
Estagiário de Tecnologia da Informação 

Fundação Maria Cecília Souto Vidigal
São Paulo/SP/BR 

Estagiário em Web Designer 

Expert Consultoria
São Paulo/BR 

Estagiário de Marketing 

ADIQ
São Paulo/SP/BR 

Estágio de Produto 

WEBEDIA
São Paulo/SP/BR 

Estágio em Marketing - Combe 

Page Talent
São Paulo/SP/BR 

Estagiário - Inside Sales 

Dimension Data
São Paulo/SP/BR 

Estagiário - Logística 

Dimension Data
São Paulo/SP/BR 

Estágio em Meios de Pagamento - Cartões Elo 

Page Talent
São Paulo/SP/BR 

Estagiário de Comunicação e Marketing 

ADCOS
São Paulo/SP/BR 

Estágio - Credit Research 

BANCO ABC
São Paulo/SP/BR 

+ vagas recomendadas 

Pesquisar mais vagas 


Atualize seu 
currículo 
Esclareça 
suas dúvidas 




[image: VAGAS] 

[image: Facebook] [image: Twitter] 
[image: g-puls] 
[image: Linkedin] 
[image: Youtube] 



Esta é uma mensagem automática. Por favor, não responda este e-mail.

Você está recebendo este alerta de vagas pois ativou esta opção em seu 
cadastro.
Acesse aqui e 
altere a configuração dos seus alertas para deixar de receber este serviço. 

"
"Olá, Daniel.
Nós recebemos sua candidatura à vaga de:

----------------------------------------------------------------

Estágio Desenvolvimento de Software
Valemobi S/A
São Paulo e Região, Brasil
Visualizar vaga: https://www.linkedin.com/comm/jobs?viewJob=&trk=inmob_eoe&midToken=AQFJrTEezyHpDw&trk=eml-jobs_applicant_applied-null-9-null&trkEmail=eml-jobs_applicant_applied-null-9-null-null-9x3m7z%7Eju29wc9c%7E2k-vjs-viewJob&lipi=urn%3Ali%3Apage%3Aemail_jobs_applicant_applied%3BESUlGT%2FnSsSkgb2IhDZvmg%3D%3D
Currículo anexo: CV_Daniel_Bolsonaro_Vaz_Filho.pdf

https://www.linkedin.com/e/v2?e=9x3m7z-ju29wc9c-2k&lipi=urn%3Ali%3Apage%3Aemail_jobs_applicant_applied%3BESUlGT%2FnSsSkgb2IhDZvmg%3D%3D&a=jobs2-app-survey&midToken=AQFJrTEezyHpDw&tracking=eml-inmob_eoe&ek=jobs_applicant_applied&jobId=1169461163
----------------------------------------------------------------

Este e-mail foi enviado para Daniel Bolsonaro Vaz Filho (Bolsista | Programa de Ensino Tutorial - Sistemas de Informação). Saiba por que incluímos isso: https://www.linkedin.com/e/v2?e=9x3m7z-ju29wc9c-2k&lipi=urn%3Ali%3Apage%3Aemail_jobs_applicant_applied%3BESUlGT%2FnSsSkgb2IhDZvmg%3D%3D&a=customerServiceUrl&midToken=AQFJrTEezyHpDw&ek=jobs_applicant_applied&articleId=4788

No caso de dúvidas ou se precisar de ajuda, entre em contato com o Atendimento ao Cliente do LinkedIn: https://www.linkedin.com/e/v2?e=9x3m7z-ju29wc9c-2k&lipi=urn%3Ali%3Apage%3Aemail_jobs_applicant_applied%3BESUlGT%2FnSsSkgb2IhDZvmg%3D%3D&a=customerServiceUrl&midToken=AQFJrTEezyHpDw&ek=jobs_applicant_applied

© 2019 LinkedIn Ireland Unlimited Company. LinkedIn, a logomarca do LinkedIn e InMail são marcas registradas da LinkedIn Corporation nos Estados Unidos e/ou em outros países. Todos os direitos reservados.
LinkedIn é um nome comercial registrado da LinkedIn Ireland Unlimited Company.
Registrada na Irlanda como uma empresa privada e ilimitada. Registro número 477441.
Registrada em: 70 Sir John Rogersons Quay, Dublin 2 




© 2019 LinkedIn Ireland Unlimited Company. LinkedIn, a logomarca do LinkedIn e InMail são marcas registradas da LinkedIn Corporation nos Estados Unidos e/ou em outros países. Todos os direitos reservados.

Você está recebendo e-mails de notificação do LinkedIn. Clique aqui para cancelar a inscrição: https://www.linkedin.com/e/v2?e=9x3m7z-ju29wc9c-2k&t=lun&midToken=AQFJrTEezyHpDw&ek=jobs_applicant_applied&loid=AQHXhOLixNSTwgAAAWnnFasBlNrDLvu4THre3rAKgArYwAcVbVo3RGOjxKNQmXkI_S7Yx6l3-XBTq1DBltZklaqh7mM8Mqaoug9jcFJwDo_Ds9aZ&eid=9x3m7z-ju29wc9c-2k



Este e-mail foi enviado para Daniel Bolsonaro Vaz Filho (Bolsista | Programa de Ensino Tutorial - Sistemas de Informação). 
Saiba por que incluímos isso: https://www.linkedin.com/e/v2?e=9x3m7z-ju29wc9c-2k&lipi=urn%3Ali%3Apage%3Aemail_jobs_applicant_applied%3BESUlGT%2FnSsSkgb2IhDZvmg%3D%3D&a=customerServiceUrl&midToken=AQFJrTEezyHpDw&ek=jobs_applicant_applied&articleId=4788

No caso de dúvidas ou se precisar de ajuda, entre em contato com o Atendimento ao Cliente do LinkedIn: https://www.linkedin.com/e/v2?e=9x3m7z-ju29wc9c-2k&lipi=urn%3Ali%3Apage%3Aemail_jobs_applicant_applied%3BESUlGT%2FnSsSkgb2IhDZvmg%3D%3D&a=customerServiceUrl&midToken=AQFJrTEezyHpDw&ek=jobs_applicant_applied

LinkedIn é um nome comercial registrado da LinkedIn Ireland Unlimited Company.
Registrada na Irlanda como uma empresa privada e ilimitada. Registro número 477441.
Registrada em: Wilton Plaza, Wilton Place, Dublin 2, Irlanda"
"Prezad@ alun@ e servidor(a),

Neste mês de março iniciam as inscrições para a terceira oferta de cursos presenciais de TODOS OS IDIOMAS do Programa IsF! 

A partir do dia 01 de abril, acesse http://isfaluno.mec.gov.br/, faça seu login no sistema, clique no botão azul AULAS PRESENCIAIS e inscreva-se. Você também pode utilizar o aplicativo IsF disponível AQUI.

Se você nunca acessou o IsF Aluno, será necessário Solicitar Acesso. Siga os passos indicados e aguarde o recebimento de sua senha no e-mail informado.


ATENÇÃO ao prazo final de inscrição:Espanhol, Francês, Italiano e Japonês: 08 de abril (até o meio-dia, horário de Brasília)!


Inglês e Português como Língua Estrangeira: 17 de abril (até o meio-dia, horário de Brasília)!

Os cursos de Português como Língua estrangeira são destinados exclusivamente a estrangeiros.

IMPORTANTE: o ranqueamento irá priorizar as primeiras inscrições. Portanto, inscreva-se agora mesmo!

Para mais informações sobre os cursos presenciais e sobre os critérios específicos para inscrição em cada idioma, acesse o edital completo em http://isf.mec.gov.br/images/2019/edital_04_2019.pdf e verifique as informações no Portal IsF clicando AQUI. 

Em caso de dúvidas, procure o NucLi IsF de sua instituição. As informações para contato estão no Portal IsF, clicando AQUI.





As aulas são gratuitas!

Participe!

Abraços,

Núcleo Gestor IsF



"
" 
[image: Logo ConectCar] 
[image: Senha de Acesso] Recarga Realizada 
[image: Adesão em Andamento] 

*18/05/2019*

Olá, *Daniel*

Informamos que sua recarga foi realizada com sucesso.

Placa *HCA-9214*

RECARGA REALIZADA *R$ 50,00*

SALDO ATUAL *R$ 65,50*


*Consulte seu extrato no site ou aplicativo ConectCar.*
13:54 
"
" 
[image: VAGAS] 

Vagas recomendadas 
Olá Daniel Bolsonaro Vaz Filho, selecionamos algumas oportunidades que 
podem lhe interessar 
Assistente Administrativo (ALMOXARIFADO) 

Soulan
São Paulo/SP/BR 

Programa de Trainees 2019 

Programa de Trainees 2019 - EY
Brasil 

Auxiliar de Atendimento - Paulista 

São Paulo/SP/BR 

Auxiliar de Atendimento - Santo Amaro (início imediato) 

São Paulo/SP/BR 

Estágio em Auditoria Interna (TI) 

Makro
São Paulo/SP/BR 

+ vagas recomendadas 

Pesquisar mais vagas 


Atualize seu 
currículo 
Esclareça 
suas dúvidas 




[image: VAGAS] 

[image: Facebook] [image: Twitter] 
[image: g-puls] 
[image: Linkedin] 
[image: Youtube] 



Esta é uma mensagem automática. Por favor, não responda este e-mail.

Você está recebendo este alerta de vagas pois ativou esta opção em seu 
cadastro.
Acesse aqui e 
altere a configuração dos seus alertas para deixar de receber este serviço. 

"
" 

Prezado(a) aluno(a), 



A versão deste ano do Empreenda Santander 2019 destina-se aos 
empreendedores já engajados e àqueles iniciantes que buscam desenvolver 
suas ideias e projetos. Os vencedores serão contemplados com aportes 
financeiros, bolsas de estudo e mentorias de até 6 meses.

*Há três perfis diferentes: Universitário Empreendedor, Startup e 
Universidade & Microempreendedor.*

As inscrições podem ser realizadas* até o dia 25 de abril de 2019* pela 
plataforma do Santander X 

.

Informações - Empreenda Santander 2019 




Atenciosamente,



Agência USP de Inovação






---------------------------------------------------------------------------------------------------------------
Mensagem enviada por: Agência USP de Inovação. Segue em conformidade 
com a resolução 03 da CTI, que dispõe sobre a difusão de e-mails 
para a comunidade USP.
---------------------------------------------------------------------------------------------------------------
"
" 
[image: VAGAS] 

Vagas recomendadas 
Olá Daniel Bolsonaro Vaz Filho, selecionamos algumas oportunidades que 
podem lhe interessar 
Estágio Comercial 

São Paulo/SP/BR 

Programa de Estágio 2019 

São Paulo/BR 

(SP) Estágio em BI (Business Intelligence) 

São Paulo/SP/BR 

Estágio em Visual Analytics 

São Paulo/SP/BR 

Estágio - Mercado de Capitais 

São Paulo/SP/BR 

Estágio em Recursos Direcionados -BNDS 

São Paulo/SP/BR 

Estagiário 

São Paulo/SP/BR 

Estagiário 

São Paulo/SP/BR 

Estágio em Auditoria Interna (TI) 

São Paulo/SP/BR 

Estágio Marketing Digital - Alphaville 

São Paulo/BR 

+ vagas recomendadas 

Pesquisar mais vagas 


Atualize seu 
currículo 
Esclareça 
suas dúvidas 




[image: VAGAS] 

[image: Facebook] [image: Twitter] 
[image: g-puls] 
[image: Linkedin] 
[image: Youtube] 



Esta é uma mensagem automática. Por favor, não responda este e-mail.

Você está recebendo este alerta de vagas pois ativou esta opção em seu 
cadastro.
Acesse aqui e 
altere a configuração dos seus alertas para deixar de receber este serviço. 

"
"02/04/2019
loan-receipt-00
Recibo de Empréstimo


Esc Artes, Ciên e Humanidades






Daniel Bolsonaro Vaz Filho
03729--010
danielfilho@usp.br;ddeniel1@yahoo.com.br
ID do usuário: 10346867


------------------------------------------------------------------------------

Obra emprestada
Autor:: Russell, Stuart J. (Stuart Jonathan)
Título:: Inteligência artificial : tradução da segunda edição.
Imprenta:: Rio de Janeiro Elsevier 2004
Biblioteca:: EACH-Esc. Artes Ciências Hum.
Cod. barras:: 23000012396

Emprestado em:: 02/04/2019
Devolução para:: 12/04/2019




------------------------------------------------------------------------------
"
"
Uma Série Original Netflix

Black Mirror


Temporada 5

5 de junho



Assista ao trailer
https://www.netflix.com/watch/81008716?trkid=13710079&MSG_TITLE=81008716&lnktrk=EMP&g=96C3A5985B0639003D3896BF5BCCC39664554E9A&lkid=TRAILER_WATCH


Veja todas as séries e filmes > https://www.netflix.com/browse?lnktrk=EMP&g=96C3A5985B0639003D3896BF5BCCC39664554E9A&lkid=URL_HOME



Dúvidas? Ligue 0800-887-0201


Netflix Entretenimento Brasil, Ltda.


Cancelar inscrição
| Termos de uso: https://www.netflix.com/TermsOfUse?lnktrk=EMP&g=96C3A5985B0639003D3896BF5BCCC39664554E9A&lkid=URL_TERMS | Privacidade: https://www.netflix.com/PrivacyPolicy?lnktrk=EMP&g=96C3A5985B0639003D3896BF5BCCC39664554E9A&lkid=URL_PRIVACY | Centro de ajuda: https://help.netflix.com/help?lnktrk=EMP&g=96C3A5985B0639003D3896BF5BCCC39664554E9A&lkid=URL_HELP_2

Esta mensagem foi enviada para [ddeniel1@yahoo.com.br] pela Netflix como parte da sua assinatura Netflix.


SRC: 12186_pt-BR_BR






































"
" 
[image: VAGAS] 

Vagas recomendadas 
Olá Daniel Bolsonaro Vaz Filho, selecionamos algumas oportunidades que 
podem lhe interessar 
Agente de Atendimento - SAC - Banco Digital 

Concentrix
São Paulo/SP/BR 

Estagiário de Banco de Dados (DBM) 

Marketdata
São Paulo/SP/BR 

Estágio em Desenvolvimento de Sistemas 

LSI-TEC
São Paulo/SP/BR 

Assistente de TI Jr 

Adecco
São Paulo/SP/BR 

Estagiário (a) de TI - Suporte 

Lafargeholcim
São Paulo/SP/BR 

+ vagas recomendadas 

Pesquisar mais vagas 


Atualize seu 
currículo 
Esclareça 
suas dúvidas 




[image: VAGAS] 

[image: Facebook] [image: Twitter] 
[image: g-puls] 
[image: Linkedin] 
[image: Youtube] 



Esta é uma mensagem automática. Por favor, não responda este e-mail.

Você está recebendo este alerta de vagas pois ativou esta opção em seu 
cadastro.
Acesse aqui e 
altere a configuração dos seus alertas para deixar de receber este serviço. 

"
"
ACH2047-T04 e T94 -> Fóruns -> Avisos -> Primeira parte da lista 1 está
disponível 
https://edisciplinas.usp.br/mod/forum/discuss.php?d=444402#p711131
Primeira parte da lista 1 está disponível
por Izabela Sobiech Pellegrini - domingo, 31 mar 2019, 22:58
---------------------------------------------------------------------
Boa noite,

Acabei de liberar a primeira parte da lista 1. Ela vale 8 PONTOS.

Entrega em grupos de até 3 PESSOAS (uma cópia da resolução por grupo),
os grupos podem ser misturados (com alunos das duas turmas). Por favor
incluir na resolução o nome de cada integrante do grupo, número USP e
número da turma.

Prazo de entrega: 17/04/2019 no começo da aula de cada turma.

ENTREGA POR E-MAIL possível - com seguinte assunto: ""ACH2047-2019 LISTA
1.1 RESOLUÇÕES"", o prazo é o mesmo (até o começo da aula no dia
17/04/2019).

Haverá segunda parte da lista, que valerá 2 PONTOS (no total lista 1 vale
15% da nota final). Ela será liberada antes da Semana Santa, entrega em
23/03/2019.

Bons estudos,

Izabela




---------------------------------------------------------------------
Alterar suas configurações de compilação dos fóruns:
https://edisciplinas.usp.br/mod/forum/index.php?id=67888
"
" 
[image: VAGAS] 

Vagas recomendadas 
Olá Daniel Bolsonaro Vaz Filho, selecionamos algumas oportunidades que 
podem lhe interessar 
Estágio em Recursos Humanos 

Samsung SDS São Paulo 
São Paulo/SP/BR 

Estágio - Sodexo 

Sodexo Benefícios e Incentivos
Barueri/SP/BR 

Analista da Qualidade (Reserva Técnica) 

Afonso França 
Brasil 

Assistente Técnico de Obra 

Even Construtora e Incorporadora
Brasil 

+ vagas recomendadas 

Pesquisar mais vagas 


Atualize seu 
currículo 
Esclareça 
suas dúvidas 




[image: VAGAS] 

[image: Facebook] [image: Twitter] 
[image: g-puls] 
[image: Linkedin] 
[image: Youtube] 



Esta é uma mensagem automática. Por favor, não responda este e-mail.

Você está recebendo este alerta de vagas pois ativou esta opção em seu 
cadastro.
Acesse aqui e 
altere a configuração dos seus alertas para deixar de receber este serviço. 

"
"*PARTIDO SOCIALISTA BRASILEIRO *

O Presidente do Diretório Municipal de Campinas -SP, no uso de suas
atribuições estatutárias,
convoca a todos os membros titulares e suplentes deste Diretório, filiados
e simpatizantes,
para participarem da Reunião a ser realizada no dia 30 de Maio de 2019
(Quinta Feira),
Primeira Chamada as 19:00h e Segunda Chamada as 19:45h, na Sede do PSB
Campinas,
localizado na Av. Engenheiro Arthur Segurado nº 566 - Jardim Leonor,
Campinas -SP,

com a seguinte ordem do dia:

* Campanha de Filiação
* Conjuntura Politica
* Espaço Executivo
* Espaço Parlamentar
* Espaço Secretarias Partidárias
* Assuntos Gerais

*ATENÇÃO NO DETALHES ABAIXO*
OBS: Os companheiros que pegaram fichas de filiação para serem preenchidas,
informo que elas devem ser entregues no Partido (sede) para a Thalita, em
data anterior à da reunião do Diretório, para que sejam consultadas junto
ao Cartório Eleitoral e depois cadastradas. Após esse procedimento, as
fichas serão levadas para a homologação e registro em livro Ata, no dia da
reunião.

*Braga Sempre Amigo!*
*PSB - Eu Levanto Essa Bandeira*
*Trabalhando em prol do crescimento do PSB no estado de São Paulo*
*Vice Presidente PSB Campinas*


*http://www.psbcampinas.org.br/ *
https://www.facebook.com/PSBCampinas/

Av. Eng° Artur Segurado n° 566 - Jd. Leonor
Fones:19- 3237-4040 Whatzap 19-99214-1010

*Atenciosamente:*

Thalita Feitoza
Secretária
PSBCam*pinas/SP*

https://psbcampinas.blog/
*Av. Eng° Artur Segurado n° 566 - Jd. Leonor*
*Fone Fixo:(19) 3237-4040*
*97423-8289 - Whatsapp do partido*
"
"

Laís Carraro Leme Cavalheiro disse:

modificou a data de conclusão para abril 12

Fazer o modelo da próxima avaliação Descrição:



Responsável: Daniel Bolsonaro Vaz Filho
Projetos: Administração
Data de conclusão: abr 12
Seguidores: Daniel Bolsonaro Vaz Filho, Laís Carraro Leme Cavalheiro

> Laís Carraro Leme Cavalheiro disse:
> 
> atribuiu a você
> 


Responda a este e-mail para comentar e visualizar [https://app.asana.com/app/asana/-/log_view?se=%7B%22name%22%3A%22StoryNotificationEmail-Task-ClickTask%22%2C%22user%22%3A773884720941993%2C%22domain_user%22%3A784886026373219%2C%22domain%22%3A760355038351287%2C%22parent_object%22%3A1109182203148550%2C%22parent_object_type%22%3A%22Task%22%2C%22story%22%3A1116532363114535%2C%22notification%22%3A1116532363114536%2C%22source%22%3A%22StoryNotificationEmail%22%2C%22email_uuid%22%3A%221553898464177-b82f5f2e-e247-4450-b71a-9ba5b6b12b6b%22%2C%22app_name%22%3A%22email%22%2C%22non_user_action_event%22%3Afalse%7D&dest=https%3A%2F%2Fapp.asana.com%2F0%2F791311642325345%2F1109182203148550%2Ff&hash=d9bee76c76f11dfc279ba6e0c9fef3eafa7f31bc4b1d2ce465571f99a238aeb8] (como Daniel Bolsonaro Vaz Filho) em Asana
[#1116532363114535]"
"

Laís Carraro Leme Cavalheiro disse:

modificou a data de conclusão para março 30

Comprar lanches do COMPETEC Descrição:



Responsável: Daniel Bolsonaro Vaz Filho
Projetos: COMPETEC
Data de conclusão: Amanhã
Seguidores: Daniel Bolsonaro Vaz Filho, Laís Carraro Leme Cavalheiro

> Laís Carraro Leme Cavalheiro disse:
> 
> atribuiu a você
> 


Responda a este e-mail para comentar e visualizar [https://app.asana.com/app/asana/-/log_view?se=%7B%22name%22%3A%22StoryNotificationEmail-Task-ClickTask%22%2C%22user%22%3A773884720941993%2C%22domain_user%22%3A784886026373219%2C%22domain%22%3A760355038351287%2C%22parent_object%22%3A1109182203148545%2C%22parent_object_type%22%3A%22Task%22%2C%22story%22%3A1116531656410676%2C%22notification%22%3A1116531656410677%2C%22source%22%3A%22StoryNotificationEmail%22%2C%22email_uuid%22%3A%221553897761280-6a94278f-452b-42e1-915a-3bec21a8c916%22%2C%22app_name%22%3A%22email%22%2C%22non_user_action_event%22%3Afalse%7D&dest=https%3A%2F%2Fapp.asana.com%2F0%2F791311642325339%2F1109182203148545%2Ff&hash=c98681925fc84f658a77fc5a958c2d98c6b40e26357aede701a0ddcc1223d8aa] (como Daniel Bolsonaro Vaz Filho) em Asana
[#1116531656410676]"
"Não tenho dinheiro.

Brincadeira. Já transferi.
Confere lá.

On Fri, 29 Mar 2019, 18:18 Daniel Bolsonaro Vaz Filho, 
wrote:

> Olá, Eler, as compras de hoje deram 133 reais, peço que transfira assim
> que possível pois precisarei desse dinheiro nesse final de semana
>
"
" 

Prezado(a) aluno(a),

Anunciamos que, no próximo dia 4 de abril de 2019, das 13h15 às 14 horas, a 
Agência USP de Cooperação Acadêmica Nacional e Internacional (AUCANI) 
promoverá a palestra “Oportunidades de intercâmbio internacional para 
alunos USP”, ministrada pelo diretor-adjunto na área de Mobilidade 
Acadêmica, Marcio Lobo Netto, com disponibilidade de rodada de perguntas 
até às 15h. Trata-se de uma excelente oportunidade para que os alunos 
conheçam e tirem suas principais dúvidas sobre as iniciativas da AUCANI.

O evento será realizado no Auditório do Centro de Difusão Internacional – 
CDI, na Avenida Prof. Lúcio Martins Rodrigues, 310 – Bloco A – Cidade 
Universitária, sem transmissão online.


Cordialmente,

Raul Machado Neto

Presidente da AUCANI

Universidade de São Paulo


---------------------------------------------------------------------------------------------------------------
Mensagem enviada por: Agência USP Internacional. Segue em conformidade 
com a resolução 03 da CTI, que dispõe sobre a difusão de e-mails 
para a comunidade USP.
---------------------------------------------------------------------------------------------------------------
"
"Foi um erro por causa do formulário, estava com embaralhamento ativo. Já
foi arrumado hahah

Em sex, 29 de mar de 2019 às 16:21, Marcelo Medeiros Eler <
marceloeler@usp.br> escreveu:

> Ñ ignorei... rs
> Primeira pergunta está com ordem errada dos números: 4 3 2 5 1
>
> On Fri, 29 Mar 2019, 16:18 , wrote:
>
>> [image: Formulários Google]
>> Está com problemas para ver ou enviar este formulário?
>> Preencher no Formulários Google
>> 
>>
>> Este é um convite para você preencher o formulário de avaliação do tutor.
>> Avaliação Tutor PET-SI 2019.1
>> 
>> Digite seu texto aqui.
>>
>>
>> E-mail *
>> O tutor está sempre presente nas reuniões e atividades do grupo para
>> as quais está alocado, ausentando-se apenas em situações para as quais
>> existem justificativas aceitáveis. *
>> - 4
>> - 3
>> - 2
>> - 5
>> - 1
>> Observações sobre Assiduidade
>> O tutor chega às reuniões e atividades do grupo para as quais está
>> alocado pontualmente. Atrasos acontecem apenas em situações para as quais
>> existem justificativas aceitáveis. *
>> - 1
>> - 2
>> - 3
>> - 4
>> - 5
>> Observações sobre Pontualidade
>> O tutor sempre atende aos procedimentos e deveres do grupo e das
>> atividades específicas, além de contribuir para a manutenção da ordem no
>> ambiente de trabalho (sala do PET-SI, local de execução de atividades
>> externas, etc). *
>> - 1
>> - 2
>> - 3
>> - 4
>> - 5
>> Observações sobre Disciplina
>> O tutor tem facilidade em desenvolver suas atividades e em propor
>> ações para o grupo. Ele também é capaz de encontrar soluções para situações
>> imprevistas. *
>> - 1
>> - 2
>> - 3
>> - 4
>> - 5
>> Observações sobre Iniciativa e Autonomia
>> O tutor tem a capacidade modificar seu comportamento e pensamento
>> para alcançar determinados objetivos quando surgem modificações no
>> contexto, novas informações e demandas. *
>> - 1
>> - 2
>> - 3
>> - 4
>> - 5
>> Observações sobre Flexibilidade
>> O tutor conhece e realiza as tarefas de sua responsabilidade, além de
>> apresentar resultados satisfatórios e dentro dos prazos estabelecidos.
>> *
>> - 1
>> - 2
>> - 3
>> - 4
>> - 5
>> Observações sobre Responsabilidade
>> O tutor busca adquirir novos conhecimentos, atitudes e comportamentos
>> necessários para o bom andamento das atividades do grupo. *
>> - 1
>> - 2
>> - 3
>> - 4
>> - 5
>> Observações sobre Aperfeiçoamento
>> O tutor sabe escutar e observar, mostrando-se capaz de detectar as
>> necessidades dos petianos com facilidade e ajudando o grupo no que é
>> necessário. *
>> - 1
>> - 2
>> - 3
>> - 4
>> - 5
>> Observações sobre Trabalho em equipe
>> O tutor comunica-se de forma clara e objetiva com o grupo e os mantem
>> atualizados sobre as tarefas que está realizando (pessoalmente, e-mails
>> whatsapp, Asana, etc). *
>> - 1
>> - 2
>> - 3
>> - 4
>> - 5
>> Observações sobre Comunicação
>> O tutor é capaz de manter relações cordiais e de respeito com os
>> petianos. *
>> - 1
>> - 2
>> - 3
>> - 4
>> - 5
>> Observações sobre Relação Interpessoal
>> O tutor busca obter resultados sem prejudicar ou expor outras pessoas
>> e reparte o sucesso com o grupo, reconhecendo suas próprias falhas com
>> humildade quando elas ocorrem. *
>> - 1
>> - 2
>> - 3
>> - 4
>> - 5
>> Observações sobre Ética
>> Comentários gerais sobre o Tutor (destaque de pontos fortes,
>> sugestões de melhorias, etc).
>> Sugestões para melhorar esta avaliação.
>> Nunca envie senhas pelo Formulários Google.
>>
>> Powered by
>> [image: Formulários Google]
>>
>> 
>> Este formulário foi criado em Universidade de São Paulo.
>> Denunciar abuso
>> 
>> - Termos de Serviço - Termos
>> Adicionais 
>> Crie seu próprio formulário do Google.
>> 
>>
>> --
>> Você recebeu essa mensagem porque está inscrito no grupo ""PET SI EACH
>> USP"" dos Grupos do Google.
>> Para cancelar inscrição nesse grupo e parar de receber e-mails dele,
>> envie um e-mail para pet-si-each-usp+unsubscribe@googlegroups.com.
>> Para postar nesse grupo, envie um e-mail para
>> pet-si-each-usp@googlegroups.com.
>> Para ver essa discussão na Web, acesse
>> https://groups.google.com/d/msgid/pet-si-each-usp/000000000000cb8ff70585408acf%40google.com
>> 
>> .
>> Para mais opções, acesse https://groups.google.com/d/optout.
>>
>
"
" 
Prezadas(os) Docentes, Servidoras(es), Alunas(os), 

Os serviços computacionais da USP ficaram indisponíveis no dia 28/03/2019 
das 2h às 16h em virtude da queda de links externos entre os centros de 
processamentos de dados (""data centers"") da USP.

O motivo principal da queda desses links foi uma operação de regularização 
nos postes da Eletropaulo, feita sem qualquer aviso prévio para as 
operadoras de telecomunicações que fornecessem os serviços de conectividade 
para a USP.

A Superintendência de Tecnologia da Informação (STI) atuou intensamente 
para normalizar a situação com maior rapidez possível e está envidando 
esforços para que essa indesejável e inapropriada indisponibilidade não 
mais se repita.

Atenciosamente

Prof. João Eduardo Ferreira
Superintendente de Tecnologia da Informação da USP


---------------------------------------------------------------------------------------------------------------
Mensagem enviada por: Superintendência de Tecnologia da Informação. Segue 
em conformidade 
com a resolução 03 da CTI, que dispõe sobre a difusão de e-mails 
para a comunidade USP.
---------------------------------------------------------------------------------------------------------------
"
" 
[image: VAGAS] 

Vagas recomendadas 
Olá Daniel Bolsonaro Vaz Filho, selecionamos algumas oportunidades que 
podem lhe interessar 
Recepcionista 

GR Serviços
São Paulo/BR 

Estagiário - Comunicação 

Support Office
São Paulo/SP/BR 

Auxiliar de Atendimento Acadêmico 

São Paulo/SP/BR 

+ vagas recomendadas 

Pesquisar mais vagas 


Atualize seu 
currículo 
Esclareça 
suas dúvidas 




[image: VAGAS] 

[image: Facebook] [image: Twitter] 
[image: g-puls] 
[image: Linkedin] 
[image: Youtube] 



Esta é uma mensagem automática. Por favor, não responda este e-mail.

Você está recebendo este alerta de vagas pois ativou esta opção em seu 
cadastro.
Acesse aqui e 
altere a configuração dos seus alertas para deixar de receber este serviço. 

"
"

Eric Batista da Silva disse:

modificou a data de conclusão para março 29

Modelo Avaliação Tutor Descrição:



Responsável: Daniel Bolsonaro Vaz Filho
Projetos: Administração
Data de conclusão: Hoje
Seguidores: Daniel Bolsonaro Vaz Filho, Eric Batista da Silva

> Eric Batista da Silva disse:
> 
> atribuiu a você
> 
> > Eric Batista da Silva disse:
> > 
> > adicionou a Administração
> > 


Responda a este e-mail para comentar e visualizar [https://app.asana.com/app/asana/-/log_view?se=%7B%22name%22%3A%22StoryNotificationEmail-Task-ClickTask%22%2C%22user%22%3A773884720941993%2C%22domain_user%22%3A784886026373219%2C%22domain%22%3A760355038351287%2C%22parent_object%22%3A1116398413598322%2C%22parent_object_type%22%3A%22Task%22%2C%22story%22%3A1116398377712442%2C%22notification%22%3A1116398377712443%2C%22source%22%3A%22StoryNotificationEmail%22%2C%22email_uuid%22%3A%221553829728786-990c54e3-6409-46b6-93e9-d5e4a6944476%22%2C%22app_name%22%3A%22email%22%2C%22non_user_action_event%22%3Afalse%7D&dest=https%3A%2F%2Fapp.asana.com%2F0%2F791311642325345%2F1116398413598322%2Ff&hash=fd167b7e6efe6c49143c37fe5162c79ba0300e1ed9f0bba5f65bca7cb4b24215] (como Daniel Bolsonaro Vaz Filho) em Asana
[#1116398377712442]"
"Boletim 1.794 – 28/05/2019

Editado por Flavia Dutra

Enviado para Daniel Vaz

Proibido Copiar ou Republicar




Índice




 




1. Aprenda a consertar smartphones!




2. Curso de desenvolvimento de games completo




3. Facebook pretende lançar a moeda virtual GlobalCoin no primeiro
trimestre de 2020




4. Huawei é processada por roubo de propriedade intelectual




5. LG anuncia seu novo processador de inteligência artificial AI
Chip




6. Anatel regulamenta faixas de radiofrequência de 2,3 GHz e 3,5
GHz para a rede 5G no Brasil




7. Apple e outras empresas de tecnologia são processadas por
pirataria nas lojas virtuais




 




1. Aprenda a consertar smartphones!




 




Curso completo de manutenção e reparo de celulares com mais de
210 aulas e 70 horas de conteúdo. Em nosso curso vamos ensinar a
não ser mais um trocador de peças no mercado, mas fazer o
conserto e reparo da placa eletrônica do celular. O curso é feito
com consertos ao vivo em assistência técnica com mais de
oito anos de experiência no mercado responsável pelo conserto de
8.000 aparelhos celulares. Você aprenderá sobre eletrônica
aplicada à placa de celular, leitura de esquema, troubleshooting,
diagrama em blocos, software, consertos ao vivo, iPhones e muito
mais.




 




Acesse e assista a aulas grátis para você conferir a qualidade do
curso: https://hotm.art/celulares




 




[Informe publicitário, texto de responsabilidade do anunciante]




 




2. Curso de desenvolvimento de games completo




 




Aprenda a criar e programar jogos completos! Durante o curso você
praticará criando mais de dez jogos completos (Super Mario, Zelda,
Minecraft, Space Invaders, entre outros), aprenderá a linguagem de
programação Java, dominará as engines Unity e Game Maker, criará
a sua própria engine e muito mais! Aprenda a elaborar, criar a
arte do seu jogo e a programar! Crie jogos em 2D e 3D!




 




Conheça o curso em mais detalhes
em https://hotm.art/curso-games-completo




 




[Informe publicitário, texto de responsabilidade do anunciante]




 




3. Facebook pretende lançar a moeda virtual GlobalCoin no primeiro
trimestre de 2020




 




A imprensa britânica divulgou que o Facebook planeja lançar sua
moeda virtual, chamada GlobalCoin, no primeiro trimestre de 2020 em
19 países para ser utilizada em aplicativos e serviços da rede
social na transferência de valores.




 




De acordo com informações, a criptomoeda tem o objetivo de
oferecer um meio de pagamento e transferência de valores sem a
necessidade de contas bancárias e deve ser atrelada ao dólar,
embora possa ser convertida em diversas moedas.




 




Além disso, fontes revelaram que Mark Zuckergerg já se reuniu com
o Bank of England, instituição regulatória, que funciona de forma
semelhante ao Banco Central do Brasil, e com o Tesouro dos Estados
Unidos, para discutir questões regulatórias do processo. O
Facebook também estaria em negociação com a Western Union para
integrar seus serviços de transferência de valores à GlobalCoin.




 




A nova moeda virtual GlobalCoin entrará em fase de testes ainda
neste ano e tem o intuito de disputar espaço com organizações
financeiras e bancos.




 




O Facebook não comentou sobre o assunto.




 




4. Huawei é processada por roubo de propriedade intelectual





A companhia norte-americana CNEX Labs está acionando judicialmente
a Huawei por roubo de propriedade intelectual.




 




Conforme o processo, um engenheiro da Huawei teria fingido ser um
cliente em potencial da CNEX sob a supervisão do cofundador Eric
Xu. O funcionário teve acesso a informações técnicas e registrou
esses dados em um relatório da Huawei.




 




Além disso, a CNEX alega que a Universidade de Xiamen, na China,
fez um acordo para adquirir sua placa de memória para usá-la em
pesquisas acadêmicas. No entanto, a instituição também acordou
com a Huawei o envio de relatórios científicos.




 




A Huawei nega as acusações, afirmando que o acordo com a
universidade não tinha o intuito de conseguir informações da CNEX
ilegamente.




 




O julgamento está marcado para acontecer no dia 3 de junho, na
corte federal distrital do Texas.




 




Em fevereiro deste ano, a Huawei também foi acusada de roubar
segredos comerciais e propriedades intelectuais do modelo mais
recente do Apple Watch.




 




Em 2017, a Huawei havia acionado a CNEX Labs por roubar suas
tecnologias, bem com 14 funcionários.




 




5. LG anuncia seu novo processador de inteligência artificial AI
Chip




 




A LG anunciou o AI Chip, novo processador de inteligência
artificial, que inclui inteligência visual para reconhecer
ambientes, pessoas, objetos e alterações no local e inteligência
de voz para receber comandos e até entender emoções e contextos
de fala.




 




A empresa afirmou que o novo chip IA utiliza rede neural com deep
learning, possui um esquema de segurança para guardar informações
pessoais dos usuários e seus aparelhos não precisam de
conectividade com a internet.




 




Não há informações se a LG licenciará o processador para
companhias parceiras ou o manterá em dispositivos próprios. Além
disso, não existe previsão para o lançamento de assistentes
pessoais e produtos inteligentes com o AI Chip.




 




6. Anatel regulamenta faixas de radiofrequência de 2,3 GHz e 3,5
GHz para a rede 5G no Brasil





A Anatel (Agência Nacional de Telecomunicações) aprovou as faixas
de radiofrequência de 2,3 GHz e 3,5 GHz para a implementação da
rede 5G no Brasil.




 




Aníbal Diniz, conselheiro relator da faixa de 3,5 GHz, comentou
que a contribuição da sociedade na consulta pública permitiu
ampliar o intervalo de 3.300 a 3.600 MHz, com 100 MHz a mais em
relação à proposta inicial.




 




A faixa de 2,3 GHz é destinada para os sistemas IMT (International
Mobile Telecommunications, em inglês) e a de 3,5 GHz é voltada
para redes de altíssima velocidade de telefonia móvel.




 




A destinação das frequências analisa blocos, arranjos,
distribuição geográfica, contrapartidas das proponentes
vencedoras da futura licitação.




 




Além disso, há medidas preventivas e corretivas para mitigar
interferências prejudiciais entre os sistemas de radiocomunicação
dos usuários dessas faixas e suas adjacentes.




 




A regulamentação sobre as condições de uso deve acontecer com
edital no segundo semestre deste ano e o leilão com as operadoras
em março de 2020.




 




7. Apple e outras empresas de tecnologia são processadas por
pirataria nas lojas virtuais





Descendentes de Harold Arlen, compositor norte-americano de
canções como Over the Rainbow, do filme Mágico de Oz, estão
processando as empresas Apple, Amazon, Google, Microsoft e Pandora,
sob acusação de pirataria musical em seus sites.




 




Segundo a ação judicial, as companhias oferecem mais de seis mil
versões ilegais de músicas em suas plataformas, de forma
consciente.




 




Os advogados da família do compositor pretendem conseguir a
retirada das cópias não autorizadas dos sites e uma indenização
em torno de US$ 4,5 milhões graças à lei federal de direitos
autorais dos Estados Unidos.




 




Atualmente, na loja virtual da Amazon, por exemplo, o MP3 completo
da música Jamaica custa US$ 9,99, enquanto a versão falsificada é
vendida por US$ 3,99.




 




Os defensores do espólio de Arlen comentaram ainda que, quanto
mais gravações e álbuns digitais os réus disponibilizam em suas
lojas e serviços, mais capacidade terão de atrair compradores e
assinantes.







Edições passadas - Cancelar inscrição




 




Publicidade: anuncios@clubedohardware.com.br




 




O Clube do Hardware não se responsabiliza, em hipótese alguma ou
sob nenhuma circunstância, pelas informações publicadas pelos
anunciantes, bem como pela veracidade e/ou conteúdo dos anúncios.
De acordo com o Artigo 45, alínea a, do Código Brasileiro de
Autorregulamentação Publicitária, “o Anunciante assumirá
responsabilidade total por sua publicidade”. Portanto, são de
total responsabilidade do anunciante a qualidade e a integridade das
informações prestadas nos anúncios publicados, abaixo dos quais
sempre consta a nota [Informe publicitário, texto de
responsabilidade do anunciante].








"